D1 = [
1
1
0
0
0
0
0
0];
D2=[
0
1
1
1
0
0
0
0];
D3=[
1
0
0
1
0
1
0
0];
D4 =[
0
0
0
0
1
1
1
1];
D5 = [
0
0
0
0
0
0
0
1]

data = [D1,D2,D3,D4,D5]

